3452
3140
3700
4352
188
356
4404
4117
4759
477
1314
4560
1919
3401
1896
1675
1321
3210
4486
53
580
2607
1269
535
2193
652
577
2344
3529
1335
1460
654
3294
925
2152
1007
168
2844
937
127
4855
4679
2358
606
2334
3327
4140
4672
1075
2944
4284
4571
2026
4370
2371
846
1872
3166
2160
4535
4778
2060
589
3424
4017
661
1266
995
1249
889
1508
3477
2273
4360
197
901
249
663
3200
3865
1512
904
1269
585
2050
1888
3627
3923
3553
1307
4135
2001
685
1402
348
2795
4091
3934
1588
1674
2061
3146
3423
186
1437
808
2299
2666
4174
1471
598
1209
4966
3295
3023
3874
792
4
1374
2129
2034
2342
2441
4942
1754
4506
2792
872
4012
2401
1810
1315
4074
1526
1805
3365
2480
1083
4148
1242
4589
961
4749
2082
710
2926
2034
2390
3378
1474
2004
4087
2560
4459
4639
4719
705
3481
3432
1930
3015
1427
3654
1774
4661
4282
2134
3440
1490
4658
1395
4708
856
132
2540
1073
2593
359
4233
3827
2473
403
2493
2539
397
2722
3754
4615
1887
2086
2660
3999
2651
2218
3227
3162
2307
2976
2421
1427
793
3593
900
3720
80
2296
3232
2428
1920
3566
2126
347
4248
4605
4457
2613
3934
1116
1377
1940
529
2519
1554
4404
1998
2395
2058
3637
1905
4377
3766
4617
2938
2807
3035
3879
4503
3773
2459
3101
4490
1327
2696
3320
4959
2314
4751
3045
2761
614
4228
1192
1600
482
899
3273
2040
1495
1722
2684
238
4594
523
2542
4800
2509
2408
1441
1571
578
3109
161
3656
3275
2449
4201
4823
3234
4445
4684
2644
4012
877
1291
149
2575
3017
2457
1909
4761
1840
3009
2051
4775
2863
4896
804
154
3519
2450
4906
3310
1475
2184
2505
4067
2535
3324
3032
1697
3450
3805
2049
2038
41
1226
3718
4231
2393
2225
4491
4950
4532
1810
3738
101
3109
3880
412
2553
3398
4669
4714
1996
4778
4334
2538
3692
3786
1082
40
4693
4424
212
1311
3034
960
14
4735
1638
1179
1572
2760
1294
2958
4955
3777
4664
3445
2405
958
3655
2913
480
3298
3781
4090
54
2259
707
3688
26
446
1312
2186
4798
527
4320
499
704
4140
3095
4145
3774
1375
1826
1909
3420
4037
4822
557
2873
248
1381
124
1385
1780
3945
1914
2529
3943
907
2755
4029
2950
1153
1127
1449
4108
3159
4429
4456
4166
2742
3265
2862
4509
4138
4105
1473
1873
671
1017
2436
150
816
4778
4064
1189
802
3019
1581
2407
2969
1760
3234
341
117
825
222
699
460
4312
878
394
1101
3707
2505
3116
2261
1875
2641
4840
441
657
3273
4889
319
3879
2134
1375
2063
261
3307
141
2848
2049
1197
982
31
2521
4393
3314
3883
775
1413
1358
139
2043
4049
2108
2273
948
3927
3926
378
1741
1967
2313
3487
3344
23
1237
3690
3847
3636
200
1006
737
2546
4051
2510
1524
3085
4739
2481
4327
957
4666
4244
1915
4750
3275
4830
27
4102
1115
1333
4380
4763
1107
83
3884
2494
1687
2499
3157
4624
37
2138
1213
353
4401
4497
4998
4598
749
2862
4187
1446
1050
785
2301
3068
1572
3593
1747
1406
3664
4744
2521
3866
1625
974
1439
3969
3626
4029
1399
2241
4323
4702
920
2528
3031
1563
350
3778
4832
428
3353
3252
2145
2934
3713
323
2782
816
923
3093
752
1751
961
292
4617
2347
3727
3428
3058
1029
972
1720
1464
1947
2122
1348
4864
4772
37
10
3244
2968
1574
3236
1392
4268
1721
3691
2261
1116
1188
2811
3107
3305
1489
2572
3742
628
2911
685
2835
1921
720
3803
4456
1634
1789
199
812
2366
459
3009
779
913
4849
2783
178
2724
3900
349
626
37
1168
1943
4841
3160
3612
3159
459
4549
2605
4236
1862
4352
2175
1323
2248
2770
3779
4757
2480
1523
2879
4894
658
3178
2032
2195
3456
3706
2395
1018
1728
2562
59
2798
754
3777
3961
1296
3022
3629
4740
1262
4761
1222
1148
1427
3737
3526
535
2407
3945
4142
2868
4103
2158
1273
1285
1664
1129
1418
4702
1752
2155
1587
2509
4299
4293
4376
570
3471
3808
2483
1736
3850
1783
1617
134
4436
2030
606
3457
4929
3171
4988
2073
2585
4694
956
641
4480
2493
2298
168
1604
3926
2988
4107
3174
3712
1849
2133
4361
2957
2064
3598
1462
2406
4017
2320
541
1140
1849
4633
523
2960
4773
3581
2167
4513
4923
4604
3338
3736
1089
979
1511
2316
132
4923
3794
2510
1959
724
182
3473
4096
1973
1108
1390
612
180
677
3635
100
3341
644
2665
4645
3644
4153
4406
1941
3661
3789
2244
3794
625
1868
1086
2088
4146
2274
4094
3526
3031
4180
1125
4451
2049
3864
2800
2474
777
3902
4744
3928
4703
3637
2748
335
3845
2670
1488
771
4387
569
3298
1935
2938
4679
3471
106
22
4302
1465
2905
1583
110
2068
4161
4518
3214
2596
4779
1354
1933
1165
4758
4044
3316
4091
1988
4120
751
3242
1476
786
3323
4138
2462
883
4190
1514
2370
394
2694
2452
1474
2437
1839
2346
4593
1569
3587
816
632
75
1709
4416
2455
4404
3539
2890
4622
588
1483
986
4270
1060
4989
2120
3259
972
4605
3278
329
1700
226
4386
3659
4481
4690
2321
2206
970
4497
420
534
4935
2611
1401
4077
3907
1683
3058
2343
1301
1892
1783
3910
1709
3181
414
2448
4719
4086
3622
1963
309
488
3931
4849
2323
758
2973
4713
1219
684
3652
1090
1064
452
4335
3449
3588
3042
4352
4288
1548
936
4027
4808
3443
476
1950
1300
4277
4872
2487
1883
876
3457
226
4447
3679
1552
1754
3150
3709
3345
1125
617
3240
693
2846
1257
3845
1964
3860
1677
4734
4333
415
4372
1460
4123
1406
1847
3807
1674
436
1346
3197
1769
215
2607
227
4888
